SM:2025-05-03T18:57:27.0599622Z
LM:2025-05-03T18:57:27.5026271Z
CT:image/jpeg
MA:604800
CL:52460
