SM:2025-05-03T18:58:11.4739029Z
LM:2025-05-03T18:58:11.5200903Z
CT:image/jpeg
MA:604800
CL:35915
