SM:2025-05-03T21:40:07.8806857Z
LM:2025-05-03T21:40:08.3372558Z
CT:image/jpeg
MA:604800
CL:10256
