SM:2025-05-03T18:58:01.9247784Z
LM:2025-05-03T18:58:02.1327334Z
CT:image/jpeg
MA:604800
CL:132564
