SM:2025-05-03T18:57:49.3912858Z
LM:2025-05-03T18:57:49.5508580Z
CT:image/jpeg
MA:604800
CL:134618
